-0.000002
-0.000042
-0.000039
0.000010
0.000098
0.000207
0.000317
0.000405
0.000450
0.000443
0.000384
0.000285
0.000170
0.000067
0.000005
0.000007
0.000081
0.000220
0.000402
0.000590
0.000744
0.000826
0.000814
0.000705
0.000519
0.000299
0.000098
-0.000028
-0.000037
0.000090
0.000338
0.000663
0.000996
0.001258
0.001381
0.001323
0.001082
0.000700
0.000256
-0.000146
-0.000406
-0.000450
-0.000248
0.000168
0.000713
0.001259
0.001669
0.001824
0.001654
0.001163
0.000434
-0.000391
-0.001132
-0.001619
-0.001727
-0.001419
-0.000754
0.000117
0.000975
0.001591
0.001772
0.001412
0.000529
-0.000735
-0.002136
-0.003381
-0.004193
-0.004382
-0.003893
-0.002834
-0.001458
-0.000114
0.000827
0.001064
0.000441
-0.001005
-0.003038
-0.005264
-0.007219
-0.008469
-0.008717
-0.007889
-0.006162
-0.003941
-0.001782
-0.000268
0.000131
-0.000828
-0.003080
-0.006248
-0.009707
-0.012717
-0.014587
-0.014843
-0.013358
-0.010412
-0.006653
-0.002977
-0.000334
0.000491
-0.000923
-0.004501
-0.009646
-0.015333
-0.020311
-0.023371
-0.023637
-0.020801
-0.015251
-0.008058
-0.000801
0.004738
0.006954
0.004807
-0.001879
-0.012255
-0.024497
-0.036052
-0.044058
-0.045867
-0.039566
-0.024416
-0.001092
0.028305
0.060506
0.091534
0.117327
0.134387
0.140352
0.134387
0.117327
0.091534
0.060506
0.028305
-0.001092
-0.024416
-0.039566
-0.045867
-0.044058
-0.036052
-0.024497
-0.012255
-0.001879
0.004807
0.006954
0.004738
-0.000801
-0.008058
-0.015251
-0.020801
-0.023637
-0.023371
-0.020311
-0.015333
-0.009646
-0.004501
-0.000923
0.000491
-0.000334
-0.002977
-0.006653
-0.010412
-0.013358
-0.014843
-0.014587
-0.012717
-0.009707
-0.006248
-0.003080
-0.000828
0.000131
-0.000268
-0.001782
-0.003941
-0.006162
-0.007889
-0.008717
-0.008469
-0.007219
-0.005264
-0.003038
-0.001005
0.000441
0.001064
0.000827
-0.000114
-0.001458
-0.002834
-0.003893
-0.004382
-0.004193
-0.003381
-0.002136
-0.000735
0.000529
0.001412
0.001772
0.001591
0.000975
0.000117
-0.000754
-0.001419
-0.001727
-0.001619
-0.001132
-0.000391
0.000434
0.001163
0.001654
0.001824
0.001669
0.001259
0.000713
0.000168
-0.000248
-0.000450
-0.000406
-0.000146
0.000256
0.000700
0.001082
0.001323
0.001381
0.001258
0.000996
0.000663
0.000338
0.000090
-0.000037
-0.000028
0.000098
0.000299
0.000519
0.000705
0.000814
0.000826
0.000744
0.000590
0.000402
0.000220
0.000081
0.000007
0.000005
0.000067
0.000170
0.000285
0.000384
0.000443
0.000450
0.000405
0.000317
0.000207
0.000098
0.000010
-0.000039
-0.000042
-0.000002
