-0.000573
-0.000078
0.000547
0.001064
0.001163
0.000594
-0.000620
-0.002023
-0.002799
-0.002149
0.000146
0.003329
0.005753
0.005608
0.002018
-0.004077
-0.009877
-0.011815
-0.007460
0.002688
0.014582
0.021880
0.018852
0.003759
-0.018972
-0.039172
-0.044282
-0.024546
0.022094
0.087695
0.155947
0.207435
0.226580
0.207435
0.155947
0.087695
0.022094
-0.024546
-0.044282
-0.039172
-0.018972
0.003759
0.018852
0.021880
0.014582
0.002688
-0.007460
-0.011815
-0.009877
-0.004077
0.002018
0.005608
0.005753
0.003329
0.000146
-0.002149
-0.002799
-0.002023
-0.000620
0.000594
0.001163
0.001064
0.000547
-0.000078
-0.000573
