0.000000	0.841471	0.000000
0.000300	0.841633	0.000252
0.000600	0.841795	0.000505
0.000900	0.841957	0.000758
0.001200	0.842119	0.001011
0.001500	0.842281	0.001263
0.001800	0.842442	0.001516
0.002100	0.842604	0.001769
0.002400	0.842765	0.002023
0.002700	0.842927	0.002276
0.003000	0.843088	0.002529
0.003300	0.843249	0.002783
0.003600	0.843411	0.003036
0.003900	0.843572	0.003290
0.004200	0.843733	0.003544
0.004500	0.843894	0.003798
0.004800	0.844055	0.004051
0.005100	0.844216	0.004305
0.005400	0.844376	0.004560
0.005700	0.844537	0.004814
0.006000	0.844698	0.005068
0.006300	0.844858	0.005323
0.006600	0.845019	0.005577
0.006900	0.845179	0.005832
0.007200	0.845339	0.006086
0.007500	0.845500	0.006341
0.007800	0.845660	0.006596
0.008100	0.845820	0.006851
0.008400	0.845980	0.007106
0.008700	0.846140	0.007361
0.009000	0.846300	0.007617
0.009300	0.846459	0.007872
0.009600	0.846619	0.008127
0.009900	0.846779	0.008383
0.010200	0.846938	0.008639
0.010500	0.847098	0.008894
0.010800	0.847257	0.009150
0.011100	0.847416	0.009406
0.011400	0.847576	0.009662
0.011700	0.847735	0.009918
0.012000	0.847894	0.010174
0.012300	0.848053	0.010431
0.012600	0.848212	0.010687
0.012900	0.848371	0.010944
0.013200	0.848529	0.011200
0.013500	0.848688	0.011457
0.013800	0.848847	0.011714
0.014100	0.849005	0.011971
0.014400	0.849164	0.012228
0.014699	0.849322	0.012485
0.014999	0.849481	0.012742
0.015299	0.849639	0.012999
0.015599	0.849797	0.013256
0.015899	0.849955	0.013514
0.016199	0.850113	0.013771
0.016499	0.850271	0.014029
0.016799	0.850429	0.014287
0.017099	0.850587	0.014544
0.017399	0.850744	0.014802
0.017699	0.850902	0.015060
0.017999	0.851060	0.015318
0.018299	0.851217	0.015576
0.018599	0.851374	0.015835
0.018899	0.851532	0.016093
0.019199	0.851689	0.016351
0.019499	0.851846	0.016610
0.019799	0.852003	0.016869
0.020099	0.852160	0.017127
0.020399	0.852317	0.017386
0.020699	0.852474	0.017645
0.020998	0.852631	0.017904
0.021298	0.852788	0.018163
0.021598	0.852944	0.018422
0.021898	0.853101	0.018681
0.022198	0.853257	0.018941
0.022498	0.853414	0.019200
0.022798	0.853570	0.019460
0.023098	0.853726	0.019719
0.023398	0.853883	0.019979
0.023698	0.854039	0.020239
0.023998	0.854195	0.020499
0.024298	0.854351	0.020759
0.024598	0.854506	0.021019
0.024897	0.854662	0.021279
0.025197	0.854818	0.021539
0.025497	0.854974	0.021799
0.025797	0.855129	0.022060
0.026097	0.855285	0.022320
0.026397	0.855440	0.022581
0.026697	0.855595	0.022842
0.026997	0.855751	0.023102
0.027297	0.855906	0.023363
0.027596	0.856061	0.023624
0.027896	0.856216	0.023885
0.028196	0.856371	0.024146
0.028496	0.856526	0.024408
0.028796	0.856681	0.024669
0.029096	0.856835	0.024930
0.029396	0.856990	0.025192
0.029696	0.857145	0.025453
0.029996	0.857299	0.025715
0.030295	0.857453	0.025977
0.030595	0.857608	0.026239
0.030895	0.857762	0.026501
0.031195	0.857916	0.026763
0.031495	0.858070	0.027025
0.031795	0.858224	0.027287
0.032094	0.858378	0.027549
0.032394	0.858532	0.027812
0.032694	0.858686	0.028074
0.032994	0.858840	0.028337
0.033294	0.858993	0.028599
0.033594	0.859147	0.028862
0.033894	0.859300	0.029125
0.034193	0.859454	0.029388
0.034493	0.859607	0.029651
0.034793	0.859760	0.029914
0.035093	0.859913	0.030177
0.035393	0.860066	0.030440
0.035692	0.860220	0.030703
0.035992	0.860372	0.030967
0.036292	0.860525	0.031230
0.036592	0.860678	0.031494
0.036892	0.860831	0.031757
0.037191	0.860983	0.032021
0.037491	0.861136	0.032285
0.037791	0.861288	0.032549
0.038091	0.861441	0.032813
0.038391	0.861593	0.033077
0.038690	0.861745	0.033341
0.038990	0.861898	0.033605
0.039290	0.862050	0.033870
0.039590	0.862202	0.034134
0.039889	0.862354	0.034399
0.040189	0.862505	0.034663
0.040489	0.862657	0.034928
0.040789	0.862809	0.035193
0.041088	0.862961	0.035458
0.041388	0.863112	0.035723
0.041688	0.863264	0.035988
0.041988	0.863415	0.036253
0.042287	0.863566	0.036518
0.042587	0.863717	0.036783
0.042887	0.863869	0.037049
0.043187	0.864020	0.037314
0.043486	0.864171	0.037580
0.043786	0.864322	0.037845
0.044086	0.864472	0.038111
0.044385	0.864623	0.038377
0.044685	0.864774	0.038643
0.044985	0.864925	0.038908
0.045285	0.865075	0.039175
0.045584	0.865226	0.039441
0.045884	0.865376	0.039707
0.046184	0.865526	0.039973
0.046483	0.865676	0.040239
0.046783	0.865827	0.040506
0.047083	0.865977	0.040772
0.047382	0.866127	0.041039
0.047682	0.866277	0.041306
0.047982	0.866426	0.041572
0.048281	0.866576	0.041839
0.048581	0.866726	0.042106
0.048881	0.866875	0.042373
0.049180	0.867025	0.042640
0.049480	0.867174	0.042908
0.049779	0.867324	0.043175
0.050079	0.867473	0.043442
0.050379	0.867622	0.043710
0.050678	0.867771	0.043977
0.050978	0.867920	0.044245
0.051278	0.868069	0.044512
0.051577	0.868218	0.044780
0.051877	0.868367	0.045048
0.052176	0.868516	0.045316
0.052476	0.868664	0.045584
0.052775	0.868813	0.045852
0.053075	0.868962	0.046120
0.053375	0.869110	0.046388
0.053674	0.869258	0.046657
0.053974	0.869407	0.046925
0.054273	0.869555	0.047194
0.054573	0.869703	0.047462
0.054872	0.869851	0.047731
0.055172	0.869999	0.048000
0.055472	0.870147	0.048268
0.055771	0.870295	0.048537
0.056071	0.870442	0.048806
0.056370	0.870590	0.049075
0.056670	0.870737	0.049344
0.056969	0.870885	0.049614
0.057269	0.871032	0.049883
0.057568	0.871180	0.050152
0.057868	0.871327	0.050422
0.058167	0.871474	0.050691
0.058467	0.871621	0.050961
0.058766	0.871768	0.051230
0.059066	0.871915	0.051500
0.059365	0.872062	0.051770
0.059665	0.872209	0.052040
0.059964	0.872355	0.052310
0.060263	0.872502	0.052580
0.060563	0.872649	0.052850
0.060862	0.872795	0.053120
0.061162	0.872941	0.053391
0.061461	0.873088	0.053661
0.061761	0.873234	0.053932
0.062060	0.873380	0.054202
0.062360	0.873526	0.054473
0.062659	0.873672	0.054743
0.062958	0.873818	0.055014
0.063258	0.873964	0.055285
0.063557	0.874110	0.055556
0.063857	0.874255	0.055827
0.064156	0.874401	0.056098
0.064455	0.874547	0.056369
0.064755	0.874692	0.056640
0.065054	0.874837	0.056912
0.065353	0.874983	0.057183
0.065653	0.875128	0.057455
0.065952	0.875273	0.057726
0.066251	0.875418	0.057998
0.066551	0.875563	0.058269
0.066850	0.875708	0.058541
0.067149	0.875853	0.058813
0.067449	0.875997	0.059085
0.067748	0.876142	0.059357
0.068047	0.876287	0.059629
0.068347	0.876431	0.059901
0.068646	0.876576	0.060173
0.068945	0.876720	0.060446
0.069245	0.876864	0.060718
0.069544	0.877008	0.060991
0.069843	0.877153	0.061263
0.070142	0.877297	0.061536
0.070442	0.877440	0.061808
0.070741	0.877584	0.062081
0.071040	0.877728	0.062354
0.071339	0.877872	0.062627
0.071639	0.878015	0.062900
0.071938	0.878159	0.063173
0.072237	0.878302	0.063446
0.072536	0.878446	0.063719
0.072835	0.878589	0.063992
0.073135	0.878732	0.064266
0.073434	0.878876	0.064539
0.073733	0.879019	0.064813
0.074032	0.879162	0.065086
0.074331	0.879305	0.065360
0.074631	0.879447	0.065634
0.074930	0.879590	0.065907
0.075229	0.879733	0.066181
0.075528	0.879875	0.066455
0.075827	0.880018	0.066729
0.076126	0.880160	0.067003
0.076425	0.880303	0.067277
0.076725	0.880445	0.067552
0.077024	0.880587	0.067826
0.077323	0.880729	0.068100
0.077622	0.880871	0.068375
0.077921	0.881013	0.068649
0.078220	0.881155	0.068924
0.078519	0.881297	0.069199
0.078818	0.881439	0.069473
0.079117	0.881580	0.069748
0.079416	0.881722	0.070023
0.079715	0.881864	0.070298
0.080014	0.882005	0.070573
0.080313	0.882146	0.070848
0.080612	0.882288	0.071123
0.080911	0.882429	0.071399
0.081210	0.882570	0.071674
0.081509	0.882711	0.071949
0.081808	0.882852	0.072225
0.082107	0.882993	0.072500
0.082406	0.883133	0.072776
0.082705	0.883274	0.073052
0.083004	0.883415	0.073327
0.083303	0.883555	0.073603
0.083602	0.883696	0.073879
0.083901	0.883836	0.074155
0.084200	0.883976	0.074431
0.084499	0.884117	0.074707
0.084798	0.884257	0.074983
0.085097	0.884397	0.075259
0.085396	0.884537	0.075536
0.085695	0.884677	0.075812
0.085994	0.884816	0.076089
0.086293	0.884956	0.076365
0.086591	0.885096	0.076642
0.086890	0.885235	0.076918
0.087189	0.885375	0.077195
0.087488	0.885514	0.077472
0.087787	0.885654	0.077749
0.088086	0.885793	0.078026
0.088385	0.885932	0.078303
0.088683	0.886071	0.078580
0.088982	0.886210	0.078857
0.089281	0.886349	0.079134
0.089580	0.886488	0.079411
0.089879	0.886627	0.079689
0.090177	0.886766	0.079966
0.090476	0.886904	0.080244
0.090775	0.887043	0.080521
0.091074	0.887181	0.080799
0.091372	0.887320	0.081077
0.091671	0.887458	0.081354
0.091970	0.887596	0.081632
0.092269	0.887734	0.081910
0.092567	0.887872	0.082188
0.092866	0.888010	0.082466
0.093165	0.888148	0.082744
0.093463	0.888286	0.083022
0.093762	0.888424	0.083300
0.094061	0.888562	0.083579
0.094359	0.888699	0.083857
0.094658	0.888837	0.084136
0.094957	0.888974	0.084414
0.095255	0.889111	0.084693
0.095554	0.889249	0.084971
0.095853	0.889386	0.085250
0.096151	0.889523	0.085529
0.096450	0.889660	0.085808
0.096748	0.889797	0.086086
0.097047	0.889934	0.086365
0.097346	0.890071	0.086644
0.097644	0.890207	0.086924
0.097943	0.890344	0.087203
0.098241	0.890480	0.087482
0.098540	0.890617	0.087761
0.098838	0.890753	0.088041
0.099137	0.890890	0.088320
0.099435	0.891026	0.088600
0.099734	0.891162	0.088879
0.100032	0.891298	0.089159
0.100331	0.891434	0.089438
0.100629	0.891570	0.089718
0.100928	0.891706	0.089998
0.101226	0.891842	0.090278
0.101525	0.891977	0.090558
0.101823	0.892113	0.090838
0.102122	0.892248	0.091118
0.102420	0.892384	0.091398
0.102719	0.892519	0.091678
0.103017	0.892654	0.091959
0.103315	0.892789	0.092239
0.103614	0.892925	0.092519
0.103912	0.893060	0.092800
0.104210	0.893195	0.093080
0.104509	0.893329	0.093361
0.104807	0.893464	0.093641
0.105106	0.893599	0.093922
0.105404	0.893734	0.094203
0.105702	0.893868	0.094484
0.106000	0.894002	0.094765
0.106299	0.894137	0.095046
0.106597	0.894271	0.095327
0.106895	0.894405	0.095608
0.107194	0.894540	0.095889
0.107492	0.894674	0.096170
0.107790	0.894808	0.096451
0.108088	0.894941	0.096733
0.108387	0.895075	0.097014
0.108685	0.895209	0.097296
0.108983	0.895343	0.097577
0.109281	0.895476	0.097859
0.109580	0.895610	0.098140
0.109878	0.895743	0.098422
0.110176	0.895876	0.098704
0.110474	0.896010	0.098986
0.110772	0.896143	0.099268
0.111070	0.896276	0.099550
0.111368	0.896409	0.099832
0.111667	0.896542	0.100114
0.111965	0.896675	0.100396
0.112263	0.896808	0.100678
0.112561	0.896940	0.100960
0.112859	0.897073	0.101243
0.113157	0.897205	0.101525
0.113455	0.897338	0.101808
0.113753	0.897470	0.102090
0.114051	0.897602	0.102373
0.114349	0.897735	0.102655
0.114647	0.897867	0.102938
0.114945	0.897999	0.103221
0.115243	0.898131	0.103504
0.115541	0.898263	0.103786
0.115839	0.898394	0.104069
0.116137	0.898526	0.104352
0.116435	0.898658	0.104635
0.116733	0.898789	0.104919
0.117031	0.898921	0.105202
0.117329	0.899052	0.105485
0.117627	0.899184	0.105768
0.117925	0.899315	0.106052
0.118223	0.899446	0.106335
0.118521	0.899577	0.106619
0.118819	0.899708	0.106902
0.119117	0.899839	0.107186
0.119414	0.899970	0.107469
0.119712	0.900100	0.107753
0.120010	0.900231	0.108037
0.120308	0.900362	0.108321
0.120606	0.900492	0.108604
0.120903	0.900623	0.108888
0.121201	0.900753	0.109172
0.121499	0.900883	0.109456
0.121797	0.901013	0.109741
0.122095	0.901143	0.110025
0.122392	0.901273	0.110309
0.122690	0.901403	0.110593
0.122988	0.901533	0.110878
0.123286	0.901663	0.111162
0.123583	0.901793	0.111446
0.123881	0.901922	0.111731
0.124179	0.902052	0.112016
0.124476	0.902181	0.112300
0.124774	0.902311	0.112585
0.125072	0.902440	0.112870
0.125369	0.902569	0.113154
0.125667	0.902698	0.113439
0.125964	0.902827	0.113724
0.126262	0.902956	0.114009
0.126560	0.903085	0.114294
0.126857	0.903214	0.114579
0.127155	0.903343	0.114864
0.127452	0.903471	0.115150
0.127750	0.903600	0.115435
0.128047	0.903728	0.115720
0.128345	0.903857	0.116006
0.128643	0.903985	0.116291
0.128940	0.904113	0.116576
0.129238	0.904241	0.116862
0.129535	0.904370	0.117147
0.129832	0.904498	0.117433
0.130130	0.904625	0.117719
0.130427	0.904753	0.118005
0.130725	0.904881	0.118290
0.131022	0.905009	0.118576
0.131320	0.905136	0.118862
0.131617	0.905264	0.119148
0.131914	0.905391	0.119434
0.132212	0.905518	0.119720
0.132509	0.905646	0.120006
0.132806	0.905773	0.120293
0.133104	0.905900	0.120579
0.133401	0.906027	0.120865
0.133698	0.906154	0.121151
0.133996	0.906281	0.121438
0.134293	0.906407	0.121724
0.134590	0.906534	0.122011
0.134888	0.906661	0.122297
0.135185	0.906787	0.122584
0.135482	0.906914	0.122871
0.135779	0.907040	0.123157
0.136077	0.907166	0.123444
0.136374	0.907293	0.123731
0.136671	0.907419	0.124018
0.136968	0.907545	0.124305
0.137265	0.907671	0.124592
0.137562	0.907797	0.124879
0.137860	0.907922	0.125166
0.138157	0.908048	0.125453
0.138454	0.908174	0.125740
0.138751	0.908299	0.126027
0.139048	0.908425	0.126315
0.139345	0.908550	0.126602
0.139642	0.908675	0.126889
0.139939	0.908800	0.127177
0.140236	0.908926	0.127464
0.140533	0.909051	0.127752
0.140830	0.909176	0.128039
0.141127	0.909301	0.128327
0.141424	0.909425	0.128615
0.141721	0.909550	0.128903
0.142018	0.909675	0.129190
0.142315	0.909799	0.129478
0.142612	0.909924	0.129766
0.142909	0.910048	0.130054
0.143206	0.910172	0.130342
0.143503	0.910297	0.130630
0.143800	0.910421	0.130918
0.144097	0.910545	0.131206
0.144393	0.910669	0.131495
0.144690	0.910793	0.131783
0.144987	0.910917	0.132071
0.145284	0.911040	0.132360
0.145581	0.911164	0.132648
0.145878	0.911287	0.132936
0.146174	0.911411	0.133225
0.146471	0.911534	0.133513
0.146768	0.911658	0.133802
0.147065	0.911781	0.134091
0.147361	0.911904	0.134379
0.147658	0.912027	0.134668
0.147955	0.912150	0.134957
0.148252	0.912273	0.135246
0.148548	0.912396	0.135535
0.148845	0.912519	0.135824
0.149142	0.912641	0.136113
0.149438	0.912764	0.136402
0.149735	0.912886	0.136691
0.150031	0.913009	0.136980
0.150328	0.913131	0.137269
0.150625	0.913253	0.137558
0.150921	0.913376	0.137848
0.151218	0.913498	0.138137
0.151514	0.913620	0.138426
0.151811	0.913742	0.138716
0.152107	0.913864	0.139005
0.152404	0.913985	0.139295
0.152700	0.914107	0.139584
0.152997	0.914229	0.139874
0.153293	0.914350	0.140164
0.153590	0.914472	0.140453
0.153886	0.914593	0.140743
0.154183	0.914714	0.141033
0.154479	0.914835	0.141323
0.154775	0.914956	0.141613
0.155072	0.915078	0.141903
0.155368	0.915198	0.142193
0.155664	0.915319	0.142483
0.155961	0.915440	0.142773
0.156257	0.915561	0.143063
0.156553	0.915681	0.143353
0.156850	0.915802	0.143643
0.157146	0.915922	0.143933
0.157442	0.916043	0.144224
0.157738	0.916163	0.144514
0.158035	0.916283	0.144805
0.158331	0.916403	0.145095
0.158627	0.916523	0.145385
0.158923	0.916643	0.145676
0.159219	0.916763	0.145967
0.159516	0.916883	0.146257
0.159812	0.917003	0.146548
0.160108	0.917122	0.146839
0.160404	0.917242	0.147129
0.160700	0.917361	0.147420
0.160996	0.917481	0.147711
0.161292	0.917600	0.148002
0.161588	0.917719	0.148293
0.161884	0.917838	0.148584
0.162180	0.917957	0.148875
0.162477	0.918076	0.149166
0.162773	0.918195	0.149457
0.163069	0.918314	0.149748
0.163364	0.918433	0.150039
0.163660	0.918551	0.150331
0.163956	0.918670	0.150622
0.164252	0.918788	0.150913
0.164548	0.918907	0.151205
0.164844	0.919025	0.151496
0.165140	0.919143	0.151787
0.165436	0.919261	0.152079
0.165732	0.919379	0.152370
0.166028	0.919497	0.152662
0.166323	0.919615	0.152954
0.166619	0.919733	0.153245
0.166915	0.919851	0.153537
0.167211	0.919968	0.153829
0.167507	0.920086	0.154121
0.167802	0.920204	0.154412
0.168098	0.920321	0.154704
0.168394	0.920438	0.154996
0.168690	0.920555	0.155288
0.168985	0.920673	0.155580
0.169281	0.920790	0.155872
0.169577	0.920907	0.156164
0.169872	0.921023	0.156456
0.170168	0.921140	0.156748
0.170463	0.921257	0.157041
0.170759	0.921374	0.157333
0.171055	0.921490	0.157625
0.171350	0.921607	0.157918
0.171646	0.921723	0.158210
0.171941	0.921839	0.158502
0.172237	0.921956	0.158795
0.172532	0.922072	0.159087
0.172828	0.922188	0.159380
0.173123	0.922304	0.159672
0.173419	0.922420	0.159965
0.173714	0.922536	0.160258
0.174010	0.922651	0.160550
0.174305	0.922767	0.160843
0.174600	0.922882	0.161136
0.174896	0.922998	0.161429
0.175191	0.923113	0.161721
0.175487	0.923229	0.162014
0.175782	0.923344	0.162307
0.176077	0.923459	0.162600
0.176373	0.923574	0.162893
0.176668	0.923689	0.163186
0.176963	0.923804	0.163479
0.177258	0.923919	0.163772
0.177554	0.924034	0.164065
0.177849	0.924148	0.164359
0.178144	0.924263	0.164652
0.178439	0.924377	0.164945
0.178734	0.924492	0.165238
0.179030	0.924606	0.165532
0.179325	0.924720	0.165825
0.179620	0.924834	0.166119
0.179915	0.924948	0.166412
0.180210	0.925062	0.166706
0.180505	0.925176	0.166999
0.180800	0.925290	0.167293
0.181095	0.925404	0.167586
0.181390	0.925518	0.167880
0.181685	0.925631	0.168174
0.181980	0.925745	0.168467
0.182275	0.925858	0.168761
0.182570	0.925971	0.169055
0.182865	0.926085	0.169349
0.183160	0.926198	0.169643
0.183455	0.926311	0.169936
0.183750	0.926424	0.170230
0.184045	0.926537	0.170524
0.184340	0.926650	0.170818
0.184635	0.926762	0.171112
0.184929	0.926875	0.171406
0.185224	0.926987	0.171701
0.185519	0.927100	0.171995
0.185814	0.927212	0.172289
0.186109	0.927325	0.172583
0.186403	0.927437	0.172877
0.186698	0.927549	0.173172
0.186993	0.927661	0.173466
0.187287	0.927773	0.173760
0.187582	0.927885	0.174055
0.187877	0.927997	0.174349
0.188171	0.928109	0.174644
0.188466	0.928220	0.174938
0.188761	0.928332	0.175233
0.189055	0.928443	0.175527
0.189350	0.928555	0.175822
0.189644	0.928666	0.176116
0.189939	0.928777	0.176411
0.190234	0.928888	0.176706
0.190528	0.928999	0.177000
0.190823	0.929110	0.177295
0.191117	0.929221	0.177590
0.191411	0.929332	0.177885
0.191706	0.929443	0.178180
0.192000	0.929554	0.178475
0.192295	0.929664	0.178770
0.192589	0.929775	0.179064
0.192884	0.929885	0.179359
0.193178	0.929995	0.179655
0.193472	0.930106	0.179950
0.193767	0.930216	0.180245
0.194061	0.930326	0.180540
0.194355	0.930436	0.180835
0.194649	0.930546	0.181130
0.194944	0.930655	0.181425
0.195238	0.930765	0.181721
0.195532	0.930875	0.182016
0.195826	0.930984	0.182311
0.196121	0.931094	0.182607
0.196415	0.931203	0.182902
0.196709	0.931313	0.183197
0.197003	0.931422	0.183493
0.197297	0.931531	0.183788
0.197591	0.931640	0.184084
0.197885	0.931749	0.184379
0.198179	0.931858	0.184675
0.198473	0.931967	0.184970
0.198767	0.932075	0.185266
0.199061	0.932184	0.185562
0.199355	0.932293	0.185857
0.199649	0.932401	0.186153
0.199943	0.932509	0.186449
0.200237	0.932618	0.186745
0.200531	0.932726	0.187041
0.200825	0.932834	0.187336
0.201119	0.932942	0.187632
0.201413	0.933050	0.187928
0.201707	0.933158	0.188224
0.202000	0.933266	0.188520
0.202294	0.933373	0.188816
0.202588	0.933481	0.189112
0.202882	0.933589	0.189408
0.203176	0.933696	0.189704
0.203469	0.933803	0.190000
0.203763	0.933911	0.190296
0.204057	0.934018	0.190593
0.204350	0.934125	0.190889
0.204644	0.934232	0.191185
0.204938	0.934339	0.191481
0.205231	0.934446	0.191778
0.205525	0.934553	0.192074
0.205818	0.934659	0.192370
0.206112	0.934766	0.192667
0.206406	0.934873	0.192963
0.206699	0.934979	0.193259
0.206993	0.935085	0.193556
0.207286	0.935192	0.193852
0.207580	0.935298	0.194149
0.207873	0.935404	0.194445
0.208166	0.935510	0.194742
0.208460	0.935616	0.195038
0.208753	0.935722	0.195335
0.209047	0.935828	0.195632
0.209340	0.935933	0.195928
0.209633	0.936039	0.196225
0.209927	0.936144	0.196522
0.210220	0.936250	0.196818
0.210513	0.936355	0.197115
0.210807	0.936461	0.197412
0.211100	0.936566	0.197709
0.211393	0.936671	0.198006
0.211686	0.936776	0.198303
0.211979	0.936881	0.198600
0.212273	0.936986	0.198896
0.212566	0.937090	0.199193
0.212859	0.937195	0.199490
0.213152	0.937300	0.199787
0.213445	0.937404	0.200084
0.213738	0.937509	0.200381
0.214031	0.937613	0.200678
0.214324	0.937717	0.200976
0.214617	0.937821	0.201273
0.214910	0.937926	0.201570
0.215203	0.938030	0.201867
0.215496	0.938133	0.202164
0.215789	0.938237	0.202461
0.216082	0.938341	0.202759
0.216375	0.938445	0.203056
0.216668	0.938548	0.203353
0.216961	0.938652	0.203651
0.217254	0.938755	0.203948
0.217546	0.938859	0.204245
0.217839	0.938962	0.204543
0.218132	0.939065	0.204840
0.218425	0.939168	0.205138
0.218718	0.939271	0.205435
0.219010	0.939374	0.205733
0.219303	0.939477	0.206030
0.219596	0.939580	0.206328
0.219888	0.939682	0.206625
0.220181	0.939785	0.206923
0.220474	0.939887	0.207220
0.220766	0.939990	0.207518
0.221059	0.940092	0.207816
0.221351	0.940194	0.208113
0.221644	0.940296	0.208411
0.221936	0.940398	0.208709
0.222229	0.940500	0.209006
0.222521	0.940602	0.209304
0.222814	0.940704	0.209602
0.223106	0.940806	0.209900
0.223399	0.940907	0.210198
0.223691	0.941009	0.210495
0.223984	0.941110	0.210793
0.224276	0.941212	0.211091
0.224568	0.941313	0.211389
0.224861	0.941414	0.211687
0.225153	0.941516	0.211985
0.225445	0.941617	0.212283
0.225737	0.941718	0.212581
0.226030	0.941818	0.212879
0.226322	0.941919	0.213177
0.226614	0.942020	0.213475
0.226906	0.942121	0.213773
0.227199	0.942221	0.214071
0.227491	0.942322	0.214369
0.227783	0.942422	0.214667
0.228075	0.942522	0.214966
0.228367	0.942622	0.215264
0.228659	0.942723	0.215562
0.228951	0.942823	0.215860
0.229243	0.942923	0.216158
0.229535	0.943022	0.216457
0.229827	0.943122	0.216755
0.230119	0.943222	0.217053
0.230411	0.943321	0.217352
0.230703	0.943421	0.217650
0.230995	0.943520	0.217948
0.231287	0.943620	0.218247
0.231579	0.943719	0.218545
0.231870	0.943818	0.218843
0.232162	0.943917	0.219142
0.232454	0.944016	0.219440
0.232746	0.944115	0.219739
0.233038	0.944214	0.220037
0.233329	0.944313	0.220336
0.233621	0.944412	0.220634
0.233913	0.944510	0.220933
0.234204	0.944609	0.221231
0.234496	0.944707	0.221530
0.234788	0.944805	0.221829
0.235079	0.944904	0.222127
0.235371	0.945002	0.222426
0.235662	0.945100	0.222724
0.235954	0.945198	0.223023
0.236245	0.945296	0.223322
0.236537	0.945394	0.223620
0.236828	0.945491	0.223919
0.237120	0.945589	0.224218
0.237411	0.945687	0.224517
0.237703	0.945784	0.224815
0.237994	0.945881	0.225114
0.238285	0.945979	0.225413
0.238577	0.946076	0.225712
0.238868	0.946173	0.226011
0.239159	0.946270	0.226309
0.239451	0.946367	0.226608
0.239742	0.946464	0.226907
0.240033	0.946561	0.227206
0.240324	0.946657	0.227505
0.240616	0.946754	0.227804
0.240907	0.946851	0.228103
0.241198	0.946947	0.228402
0.241489	0.947044	0.228701
0.241780	0.947140	0.229000
0.242071	0.947236	0.229299
0.242362	0.947332	0.229598
0.242653	0.947428	0.229897
0.242944	0.947524	0.230196
0.243235	0.947620	0.230495
0.243526	0.947716	0.230794
0.243817	0.947811	0.231093
0.244108	0.947907	0.231392
0.244399	0.948003	0.231691
0.244690	0.948098	0.231990
0.244981	0.948193	0.232289
0.245272	0.948289	0.232588
0.245563	0.948384	0.232888
0.245853	0.948479	0.233187
0.246144	0.948574	0.233486
0.246435	0.948669	0.233785
0.246726	0.948764	0.234084
0.247016	0.948858	0.234384
0.247307	0.948953	0.234683
0.247598	0.949048	0.234982
0.247888	0.949142	0.235281
0.248179	0.949237	0.235581
0.248470	0.949331	0.235880
0.248760	0.949425	0.236179
0.249051	0.949519	0.236479
0.249341	0.949613	0.236778
0.249632	0.949707	0.237077
0.249922	0.949801	0.237377
0.250213	0.949895	0.237676
0.250503	0.949989	0.237975
0.250794	0.950082	0.238275
0.251084	0.950176	0.238574
0.251374	0.950269	0.238873
0.251665	0.950363	0.239173
0.251955	0.950456	0.239472
0.252245	0.950549	0.239772
0.252536	0.950642	0.240071
0.252826	0.950736	0.240371
0.253116	0.950828	0.240670
0.253406	0.950921	0.240970
0.253697	0.951014	0.241269
0.253987	0.951107	0.241569
0.254277	0.951199	0.241868
0.254567	0.951292	0.242168
0.254857	0.951384	0.242467
0.255147	0.951477	0.242767
0.255437	0.951569	0.243066
0.255727	0.951661	0.243366
0.256017	0.951753	0.243665
0.256307	0.951845	0.243965
0.256597	0.951937	0.244265
0.256887	0.952029	0.244564
0.257177	0.952121	0.244864
0.257467	0.952213	0.245163
0.257757	0.952304	0.245463
0.258047	0.952396	0.245763
0.258337	0.952487	0.246062
0.258626	0.952578	0.246362
0.258916	0.952670	0.246662
0.259206	0.952761	0.246961
0.259496	0.952852	0.247261
0.259785	0.952943	0.247561
0.260075	0.953034	0.247860
0.260365	0.953125	0.248160
0.260654	0.953215	0.248460
0.260944	0.953306	0.248760
0.261234	0.953397	0.249059
0.261523	0.953487	0.249359
0.261813	0.953577	0.249659
0.262102	0.953668	0.249959
0.262392	0.953758	0.250258
0.262681	0.953848	0.250558
0.262971	0.953938	0.250858
0.263260	0.954028	0.251158
0.263550	0.954118	0.251457
0.263839	0.954208	0.251757
0.264128	0.954297	0.252057
0.264418	0.954387	0.252357
0.264707	0.954477	0.252657
0.264996	0.954566	0.252956
0.265285	0.954655	0.253256
0.265575	0.954745	0.253556
0.265864	0.954834	0.253856
0.266153	0.954923	0.254156
0.266442	0.955012	0.254456
0.266731	0.955101	0.254755
0.267021	0.955190	0.255055
0.267310	0.955278	0.255355
0.267599	0.955367	0.255655
0.267888	0.955456	0.255955
0.268177	0.955544	0.256255
0.268466	0.955633	0.256555
0.268755	0.955721	0.256855
0.269044	0.955809	0.257154
0.269333	0.955897	0.257454
0.269622	0.955985	0.257754
0.269910	0.956073	0.258054
0.270199	0.956161	0.258354
0.270488	0.956249	0.258654
0.270777	0.956337	0.258954
0.271066	0.956424	0.259254
0.271354	0.956512	0.259554
0.271643	0.956599	0.259854
0.271932	0.956687	0.260154
0.272221	0.956774	0.260454
0.272509	0.956861	0.260754
0.272798	0.956948	0.261054
0.273086	0.957035	0.261353
0.273375	0.957122	0.261653
0.273664	0.957209	0.261953
0.273952	0.957296	0.262253
0.274241	0.957383	0.262553
0.274529	0.957469	0.262853
0.274818	0.957556	0.263153
0.275106	0.957642	0.263453
0.275394	0.957729	0.263753
0.275683	0.957815	0.264053
0.275971	0.957901	0.264353
0.276260	0.957987	0.264653
0.276548	0.958073	0.264953
0.276836	0.958159	0.265253
0.277124	0.958245	0.265553
0.277413	0.958331	0.265853
0.277701	0.958416	0.266153
0.277989	0.958502	0.266453
0.278277	0.958587	0.266753
0.278565	0.958673	0.267053
0.278853	0.958758	0.267353
0.279142	0.958843	0.267653
0.279430	0.958928	0.267953
0.279718	0.959014	0.268253
0.280006	0.959098	0.268553
0.280294	0.959183	0.268853
0.280582	0.959268	0.269153
0.280870	0.959353	0.269453
0.281157	0.959437	0.269753
0.281445	0.959522	0.270053
0.281733	0.959606	0.270353
0.282021	0.959691	0.270653
0.282309	0.959775	0.270953
0.282597	0.959859	0.271253
0.282884	0.959943	0.271553
0.283172	0.960027	0.271853
0.283460	0.960111	0.272153
0.283748	0.960195	0.272453
0.284035	0.960279	0.272753
0.284323	0.960363	0.273053
0.284610	0.960446	0.273353
0.284898	0.960530	0.273653
0.285186	0.960613	0.273953
0.285473	0.960696	0.274253
0.285761	0.960780	0.274553
0.286048	0.960863	0.274853
0.286335	0.960946	0.275153
0.286623	0.961029	0.275453
0.286910	0.961112	0.275753
0.287198	0.961195	0.276053
0.287485	0.961277	0.276353
0.287772	0.961360	0.276653
0.288060	0.961442	0.276953
0.288347	0.961525	0.277253
0.288634	0.961607	0.277553
0.288921	0.961690	0.277853
0.289209	0.961772	0.278153
0.289496	0.961854	0.278453
0.289783	0.961936	0.278753
0.290070	0.962018	0.279053
0.290357	0.962100	0.279352
0.290644	0.962181	0.279652
0.290931	0.962263	0.279952
0.291218	0.962345	0.280252
0.291505	0.962426	0.280552
0.291792	0.962508	0.280852
0.292079	0.962589	0.281152
0.292366	0.962670	0.281452
0.292653	0.962751	0.281752
0.292940	0.962832	0.282052
0.293227	0.962913	0.282352
0.293513	0.962994	0.282652
0.293800	0.963075	0.282952
0.294087	0.963156	0.283251
0.294374	0.963237	0.283551
0.294660	0.963317	0.283851
0.294947	0.963398	0.284151
0.295234	0.963478	0.284451
