0.000000	0.841471	0.841471
0.000300	0.841633	0.841933
0.000600	0.841795	0.842395
0.000900	0.841957	0.842857
0.001200	0.842119	0.843319
0.001500	0.842281	0.843781
0.001800	0.842442	0.844242
0.002100	0.842604	0.844704
0.002400	0.842765	0.845165
0.002700	0.842927	0.845627
0.003000	0.843088	0.846088
0.003300	0.843249	0.846549
0.003600	0.843411	0.847011
0.003900	0.843572	0.847472
0.004200	0.843733	0.847933
0.004500	0.843894	0.848394
0.004800	0.844055	0.848855
0.005100	0.844216	0.849316
0.005400	0.844376	0.849776
0.005700	0.844537	0.850237
0.006000	0.844698	0.850698
0.006300	0.844858	0.851158
0.006600	0.845019	0.851619
0.006900	0.845179	0.852079
0.007200	0.845339	0.852539
0.007500	0.845500	0.853000
0.007800	0.845660	0.853460
0.008100	0.845820	0.853920
0.008400	0.845980	0.854380
0.008700	0.846140	0.854840
0.009000	0.846300	0.855299
0.009300	0.846459	0.855759
0.009600	0.846619	0.856219
0.009900	0.846779	0.856678
0.010200	0.846938	0.857138
0.010500	0.847098	0.857598
0.010800	0.847257	0.858057
0.011100	0.847416	0.858516
0.011400	0.847576	0.858975
0.011700	0.847735	0.859435
0.012000	0.847894	0.859894
0.012300	0.848053	0.860353
0.012600	0.848212	0.860811
0.012900	0.848371	0.861270
0.013200	0.848529	0.861729
0.013500	0.848688	0.862188
0.013800	0.848847	0.862646
0.014100	0.849005	0.863105
0.014400	0.849164	0.863563
0.014699	0.849322	0.864022
0.014999	0.849481	0.864480
0.015299	0.849639	0.864938
0.015599	0.849797	0.865396
0.015899	0.849955	0.865854
0.016199	0.850113	0.866312
0.016499	0.850271	0.866770
0.016799	0.850429	0.867228
0.017099	0.850587	0.867686
0.017399	0.850744	0.868143
0.017699	0.850902	0.868601
0.017999	0.851060	0.869059
0.018299	0.851217	0.869516
0.018599	0.851374	0.869973
0.018899	0.851532	0.870431
0.019199	0.851689	0.870888
0.019499	0.851846	0.871345
0.019799	0.852003	0.871802
0.020099	0.852160	0.872259
0.020399	0.852317	0.872716
0.020699	0.852474	0.873173
0.020998	0.852631	0.873629
0.021298	0.852788	0.874086
0.021598	0.852944	0.874543
0.021898	0.853101	0.874999
0.022198	0.853257	0.875456
0.022498	0.853414	0.875912
0.022798	0.853570	0.876368
0.023098	0.853726	0.876824
0.023398	0.853883	0.877280
0.023698	0.854039	0.877736
0.023998	0.854195	0.878192
0.024298	0.854351	0.878648
0.024598	0.854506	0.879104
0.024897	0.854662	0.879560
0.025197	0.854818	0.880015
0.025497	0.854974	0.880471
0.025797	0.855129	0.880926
0.026097	0.855285	0.881382
0.026397	0.855440	0.881837
0.026697	0.855595	0.882292
0.026997	0.855751	0.882747
0.027297	0.855906	0.883202
0.027596	0.856061	0.883657
0.027896	0.856216	0.884112
0.028196	0.856371	0.884567
0.028496	0.856526	0.885022
0.028796	0.856681	0.885477
0.029096	0.856835	0.885931
0.029396	0.856990	0.886386
0.029696	0.857145	0.886840
0.029996	0.857299	0.887294
0.030295	0.857453	0.887749
0.030595	0.857608	0.888203
0.030895	0.857762	0.888657
0.031195	0.857916	0.889111
0.031495	0.858070	0.889565
0.031795	0.858224	0.890019
0.032094	0.858378	0.890473
0.032394	0.858532	0.890926
0.032694	0.858686	0.891380
0.032994	0.858840	0.891834
0.033294	0.858993	0.892287
0.033594	0.859147	0.892740
0.033894	0.859300	0.893194
0.034193	0.859454	0.893647
0.034493	0.859607	0.894100
0.034793	0.859760	0.894553
0.035093	0.859913	0.895006
0.035393	0.860066	0.895459
0.035692	0.860220	0.895912
0.035992	0.860372	0.896365
0.036292	0.860525	0.896817
0.036592	0.860678	0.897270
0.036892	0.860831	0.897722
0.037191	0.860983	0.898175
0.037491	0.861136	0.898627
0.037791	0.861288	0.899079
0.038091	0.861441	0.899532
0.038391	0.861593	0.899984
0.038690	0.861745	0.900436
0.038990	0.861898	0.900888
0.039290	0.862050	0.901340
0.039590	0.862202	0.901791
0.039889	0.862354	0.902243
0.040189	0.862505	0.902695
0.040489	0.862657	0.903146
0.040789	0.862809	0.903598
0.041088	0.862961	0.904049
0.041388	0.863112	0.904500
0.041688	0.863264	0.904951
0.041988	0.863415	0.905403
0.042287	0.863566	0.905854
0.042587	0.863717	0.906305
0.042887	0.863869	0.906756
0.043187	0.864020	0.907206
0.043486	0.864171	0.907657
0.043786	0.864322	0.908108
0.044086	0.864472	0.908558
0.044385	0.864623	0.909009
0.044685	0.864774	0.909459
0.044985	0.864925	0.909909
0.045285	0.865075	0.910360
0.045584	0.865226	0.910810
0.045884	0.865376	0.911260
0.046184	0.865526	0.911710
0.046483	0.865676	0.912160
0.046783	0.865827	0.912609
0.047083	0.865977	0.913059
0.047382	0.866127	0.913509
0.047682	0.866277	0.913958
0.047982	0.866426	0.914408
0.048281	0.866576	0.914857
0.048581	0.866726	0.915307
0.048881	0.866875	0.915756
0.049180	0.867025	0.916205
0.049480	0.867174	0.916654
0.049779	0.867324	0.917103
0.050079	0.867473	0.917552
0.050379	0.867622	0.918001
0.050678	0.867771	0.918450
0.050978	0.867920	0.918898
0.051278	0.868069	0.919347
0.051577	0.868218	0.919795
0.051877	0.868367	0.920244
0.052176	0.868516	0.920692
0.052476	0.868664	0.921140
0.052775	0.868813	0.921589
0.053075	0.868962	0.922037
0.053375	0.869110	0.922485
0.053674	0.869258	0.922933
0.053974	0.869407	0.923380
0.054273	0.869555	0.923828
0.054573	0.869703	0.924276
0.054872	0.869851	0.924723
0.055172	0.869999	0.925171
0.055472	0.870147	0.925618
0.055771	0.870295	0.926066
0.056071	0.870442	0.926513
0.056370	0.870590	0.926960
0.056670	0.870737	0.927407
0.056969	0.870885	0.927854
0.057269	0.871032	0.928301
0.057568	0.871180	0.928748
0.057868	0.871327	0.929195
0.058167	0.871474	0.929641
0.058467	0.871621	0.930088
0.058766	0.871768	0.930534
0.059066	0.871915	0.930981
0.059365	0.872062	0.931427
0.059665	0.872209	0.931873
0.059964	0.872355	0.932319
0.060263	0.872502	0.932766
0.060563	0.872649	0.933212
0.060862	0.872795	0.933657
0.061162	0.872941	0.934103
0.061461	0.873088	0.934549
0.061761	0.873234	0.934995
0.062060	0.873380	0.935440
0.062360	0.873526	0.935886
0.062659	0.873672	0.936331
0.062958	0.873818	0.936777
0.063258	0.873964	0.937222
0.063557	0.874110	0.937667
0.063857	0.874255	0.938112
0.064156	0.874401	0.938557
0.064455	0.874547	0.939002
0.064755	0.874692	0.939447
0.065054	0.874837	0.939891
0.065353	0.874983	0.940336
0.065653	0.875128	0.940781
0.065952	0.875273	0.941225
0.066251	0.875418	0.941670
0.066551	0.875563	0.942114
0.066850	0.875708	0.942558
0.067149	0.875853	0.943002
0.067449	0.875997	0.943446
0.067748	0.876142	0.943890
0.068047	0.876287	0.944334
0.068347	0.876431	0.944778
0.068646	0.876576	0.945222
0.068945	0.876720	0.945665
0.069245	0.876864	0.946109
0.069544	0.877008	0.946552
0.069843	0.877153	0.946996
0.070142	0.877297	0.947439
0.070442	0.877440	0.947882
0.070741	0.877584	0.948325
0.071040	0.877728	0.948768
0.071339	0.877872	0.949211
0.071639	0.878015	0.949654
0.071938	0.878159	0.950097
0.072237	0.878302	0.950539
0.072536	0.878446	0.950982
0.072835	0.878589	0.951425
0.073135	0.878732	0.951867
0.073434	0.878876	0.952309
0.073733	0.879019	0.952752
0.074032	0.879162	0.953194
0.074331	0.879305	0.953636
0.074631	0.879447	0.954078
0.074930	0.879590	0.954520
0.075229	0.879733	0.954962
0.075528	0.879875	0.955403
0.075827	0.880018	0.955845
0.076126	0.880160	0.956287
0.076425	0.880303	0.956728
0.076725	0.880445	0.957170
0.077024	0.880587	0.957611
0.077323	0.880729	0.958052
0.077622	0.880871	0.958493
0.077921	0.881013	0.958934
0.078220	0.881155	0.959375
0.078519	0.881297	0.959816
0.078818	0.881439	0.960257
0.079117	0.881580	0.960698
0.079416	0.881722	0.961138
0.079715	0.881864	0.961579
0.080014	0.882005	0.962019
0.080313	0.882146	0.962460
0.080612	0.882288	0.962900
0.080911	0.882429	0.963340
0.081210	0.882570	0.963780
0.081509	0.882711	0.964220
0.081808	0.882852	0.964660
0.082107	0.882993	0.965100
0.082406	0.883133	0.965540
0.082705	0.883274	0.965980
0.083004	0.883415	0.966419
0.083303	0.883555	0.966859
0.083602	0.883696	0.967298
0.083901	0.883836	0.967737
0.084200	0.883976	0.968177
0.084499	0.884117	0.968616
0.084798	0.884257	0.969055
0.085097	0.884397	0.969494
0.085396	0.884537	0.969933
0.085695	0.884677	0.970371
0.085994	0.884816	0.970810
0.086293	0.884956	0.971249
0.086591	0.885096	0.971687
0.086890	0.885235	0.972126
0.087189	0.885375	0.972564
0.087488	0.885514	0.973002
0.087787	0.885654	0.973441
0.088086	0.885793	0.973879
0.088385	0.885932	0.974317
0.088683	0.886071	0.974755
0.088982	0.886210	0.975192
0.089281	0.886349	0.975630
0.089580	0.886488	0.976068
0.089879	0.886627	0.976505
0.090177	0.886766	0.976943
0.090476	0.886904	0.977380
0.090775	0.887043	0.977818
0.091074	0.887181	0.978255
0.091372	0.887320	0.978692
0.091671	0.887458	0.979129
0.091970	0.887596	0.979566
0.092269	0.887734	0.980003
0.092567	0.887872	0.980440
0.092866	0.888010	0.980876
0.093165	0.888148	0.981313
0.093463	0.888286	0.981750
0.093762	0.888424	0.982186
0.094061	0.888562	0.982622
0.094359	0.888699	0.983059
0.094658	0.888837	0.983495
0.094957	0.888974	0.983931
0.095255	0.889111	0.984367
0.095554	0.889249	0.984803
0.095853	0.889386	0.985238
0.096151	0.889523	0.985674
0.096450	0.889660	0.986110
0.096748	0.889797	0.986545
0.097047	0.889934	0.986981
0.097346	0.890071	0.987416
0.097644	0.890207	0.987851
0.097943	0.890344	0.988287
0.098241	0.890480	0.988722
0.098540	0.890617	0.989157
0.098838	0.890753	0.989592
0.099137	0.890890	0.990027
0.099435	0.891026	0.990461
0.099734	0.891162	0.990896
0.100032	0.891298	0.991331
0.100331	0.891434	0.991765
0.100629	0.891570	0.992199
0.100928	0.891706	0.992634
0.101226	0.891842	0.993068
0.101525	0.891977	0.993502
0.101823	0.892113	0.993936
0.102122	0.892248	0.994370
0.102420	0.892384	0.994804
0.102719	0.892519	0.995238
0.103017	0.892654	0.995671
0.103315	0.892789	0.996105
0.103614	0.892925	0.996538
0.103912	0.893060	0.996972
0.104210	0.893195	0.997405
0.104509	0.893329	0.997838
0.104807	0.893464	0.998271
0.105106	0.893599	0.998704
0.105404	0.893734	0.999137
0.105702	0.893868	0.999570
0.106000	0.894002	1.000003
0.106299	0.894137	1.000436
0.106597	0.894271	1.000868
0.106895	0.894405	1.001301
0.107194	0.894540	1.001733
0.107492	0.894674	1.002166
0.107790	0.894808	1.002598
0.108088	0.894941	1.003030
0.108387	0.895075	1.003462
0.108685	0.895209	1.003894
0.108983	0.895343	1.004326
0.109281	0.895476	1.004758
0.109580	0.895610	1.005189
0.109878	0.895743	1.005621
0.110176	0.895876	1.006052
0.110474	0.896010	1.006484
0.110772	0.896143	1.006915
0.111070	0.896276	1.007346
0.111368	0.896409	1.007777
0.111667	0.896542	1.008209
0.111965	0.896675	1.008639
0.112263	0.896808	1.009070
0.112561	0.896940	1.009501
0.112859	0.897073	1.009932
0.113157	0.897205	1.010363
0.113455	0.897338	1.010793
0.113753	0.897470	1.011223
0.114051	0.897602	1.011654
0.114349	0.897735	1.012084
0.114647	0.897867	1.012514
0.114945	0.897999	1.012944
0.115243	0.898131	1.013374
0.115541	0.898263	1.013804
0.115839	0.898394	1.014234
0.116137	0.898526	1.014663
0.116435	0.898658	1.015093
0.116733	0.898789	1.015523
0.117031	0.898921	1.015952
0.117329	0.899052	1.016381
0.117627	0.899184	1.016811
0.117925	0.899315	1.017240
0.118223	0.899446	1.017669
0.118521	0.899577	1.018098
0.118819	0.899708	1.018527
0.119117	0.899839	1.018955
0.119414	0.899970	1.019384
0.119712	0.900100	1.019813
0.120010	0.900231	1.020241
0.120308	0.900362	1.020670
0.120606	0.900492	1.021098
0.120903	0.900623	1.021526
0.121201	0.900753	1.021954
0.121499	0.900883	1.022382
0.121797	0.901013	1.022810
0.122095	0.901143	1.023238
0.122392	0.901273	1.023666
0.122690	0.901403	1.024094
0.122988	0.901533	1.024521
0.123286	0.901663	1.024949
0.123583	0.901793	1.025376
0.123881	0.901922	1.025803
0.124179	0.902052	1.026230
0.124476	0.902181	1.026658
0.124774	0.902311	1.027085
0.125072	0.902440	1.027512
0.125369	0.902569	1.027938
0.125667	0.902698	1.028365
0.125964	0.902827	1.028792
0.126262	0.902956	1.029218
0.126560	0.903085	1.029645
0.126857	0.903214	1.030071
0.127155	0.903343	1.030498
0.127452	0.903471	1.030924
0.127750	0.903600	1.031350
0.128047	0.903728	1.031776
0.128345	0.903857	1.032202
0.128643	0.903985	1.032628
0.128940	0.904113	1.033053
0.129238	0.904241	1.033479
0.129535	0.904370	1.033905
0.129832	0.904498	1.034330
0.130130	0.904625	1.034755
0.130427	0.904753	1.035181
0.130725	0.904881	1.035606
0.131022	0.905009	1.036031
0.131320	0.905136	1.036456
0.131617	0.905264	1.036881
0.131914	0.905391	1.037305
0.132212	0.905518	1.037730
0.132509	0.905646	1.038155
0.132806	0.905773	1.038579
0.133104	0.905900	1.039004
0.133401	0.906027	1.039428
0.133698	0.906154	1.039852
0.133996	0.906281	1.040277
0.134293	0.906407	1.040701
0.134590	0.906534	1.041124
0.134888	0.906661	1.041548
0.135185	0.906787	1.041972
0.135482	0.906914	1.042396
0.135779	0.907040	1.042819
0.136077	0.907166	1.043243
0.136374	0.907293	1.043666
0.136671	0.907419	1.044090
0.136968	0.907545	1.044513
0.137265	0.907671	1.044936
0.137562	0.907797	1.045359
0.137860	0.907922	1.045782
0.138157	0.908048	1.046205
0.138454	0.908174	1.046627
0.138751	0.908299	1.047050
0.139048	0.908425	1.047473
0.139345	0.908550	1.047895
0.139642	0.908675	1.048317
0.139939	0.908800	1.048740
0.140236	0.908926	1.049162
0.140533	0.909051	1.049584
0.140830	0.909176	1.050006
0.141127	0.909301	1.050428
0.141424	0.909425	1.050850
0.141721	0.909550	1.051271
0.142018	0.909675	1.051693
0.142315	0.909799	1.052114
0.142612	0.909924	1.052536
0.142909	0.910048	1.052957
0.143206	0.910172	1.053378
0.143503	0.910297	1.053800
0.143800	0.910421	1.054221
0.144097	0.910545	1.054641
0.144393	0.910669	1.055062
0.144690	0.910793	1.055483
0.144987	0.910917	1.055904
0.145284	0.911040	1.056324
0.145581	0.911164	1.056745
0.145878	0.911287	1.057165
0.146174	0.911411	1.057585
0.146471	0.911534	1.058006
0.146768	0.911658	1.058426
0.147065	0.911781	1.058846
0.147361	0.911904	1.059265
0.147658	0.912027	1.059685
0.147955	0.912150	1.060105
0.148252	0.912273	1.060525
0.148548	0.912396	1.060944
0.148845	0.912519	1.061364
0.149142	0.912641	1.061783
0.149438	0.912764	1.062202
0.149735	0.912886	1.062621
0.150031	0.913009	1.063040
0.150328	0.913131	1.063459
0.150625	0.913253	1.063878
0.150921	0.913376	1.064297
0.151218	0.913498	1.064715
0.151514	0.913620	1.065134
0.151811	0.913742	1.065552
0.152107	0.913864	1.065971
0.152404	0.913985	1.066389
0.152700	0.914107	1.066807
0.152997	0.914229	1.067225
0.153293	0.914350	1.067643
0.153590	0.914472	1.068061
0.153886	0.914593	1.068479
0.154183	0.914714	1.068897
0.154479	0.914835	1.069314
0.154775	0.914956	1.069732
0.155072	0.915078	1.070149
0.155368	0.915198	1.070567
0.155664	0.915319	1.070984
0.155961	0.915440	1.071401
0.156257	0.915561	1.071818
0.156553	0.915681	1.072235
0.156850	0.915802	1.072652
0.157146	0.915922	1.073068
0.157442	0.916043	1.073485
0.157738	0.916163	1.073901
0.158035	0.916283	1.074318
0.158331	0.916403	1.074734
0.158627	0.916523	1.075150
0.158923	0.916643	1.075567
0.159219	0.916763	1.075983
0.159516	0.916883	1.076399
0.159812	0.917003	1.076815
0.160108	0.917122	1.077230
0.160404	0.917242	1.077646
0.160700	0.917361	1.078061
0.160996	0.917481	1.078477
0.161292	0.917600	1.078892
0.161588	0.917719	1.079308
0.161884	0.917838	1.079723
0.162180	0.917957	1.080138
0.162477	0.918076	1.080553
0.162773	0.918195	1.080968
0.163069	0.918314	1.081383
0.163364	0.918433	1.081797
0.163660	0.918551	1.082212
0.163956	0.918670	1.082626
0.164252	0.918788	1.083041
0.164548	0.918907	1.083455
0.164844	0.919025	1.083869
0.165140	0.919143	1.084283
0.165436	0.919261	1.084697
0.165732	0.919379	1.085111
0.166028	0.919497	1.085525
0.166323	0.919615	1.085939
0.166619	0.919733	1.086352
0.166915	0.919851	1.086766
0.167211	0.919968	1.087179
0.167507	0.920086	1.087593
0.167802	0.920204	1.088006
0.168098	0.920321	1.088419
0.168394	0.920438	1.088832
0.168690	0.920555	1.089245
0.168985	0.920673	1.089658
0.169281	0.920790	1.090070
0.169577	0.920907	1.090483
0.169872	0.921023	1.090896
0.170168	0.921140	1.091308
0.170463	0.921257	1.091720
0.170759	0.921374	1.092133
0.171055	0.921490	1.092545
0.171350	0.921607	1.092957
0.171646	0.921723	1.093369
0.171941	0.921839	1.093781
0.172237	0.921956	1.094193
0.172532	0.922072	1.094604
0.172828	0.922188	1.095016
0.173123	0.922304	1.095427
0.173419	0.922420	1.095839
0.173714	0.922536	1.096250
0.174010	0.922651	1.096661
0.174305	0.922767	1.097072
0.174600	0.922882	1.097483
0.174896	0.922998	1.097894
0.175191	0.923113	1.098305
0.175487	0.923229	1.098715
0.175782	0.923344	1.099126
0.176077	0.923459	1.099536
0.176373	0.923574	1.099947
0.176668	0.923689	1.100357
0.176963	0.923804	1.100767
0.177258	0.923919	1.101177
0.177554	0.924034	1.101587
0.177849	0.924148	1.101997
0.178144	0.924263	1.102407
0.178439	0.924377	1.102817
0.178734	0.924492	1.103226
0.179030	0.924606	1.103636
0.179325	0.924720	1.104045
0.179620	0.924834	1.104454
0.179915	0.924948	1.104863
0.180210	0.925062	1.105273
0.180505	0.925176	1.105682
0.180800	0.925290	1.106090
0.181095	0.925404	1.106499
0.181390	0.925518	1.106908
0.181685	0.925631	1.107316
0.181980	0.925745	1.107725
0.182275	0.925858	1.108133
0.182570	0.925971	1.108542
0.182865	0.926085	1.108950
0.183160	0.926198	1.109358
0.183455	0.926311	1.109766
0.183750	0.926424	1.110174
0.184045	0.926537	1.110582
0.184340	0.926650	1.110989
0.184635	0.926762	1.111397
0.184929	0.926875	1.111804
0.185224	0.926987	1.112212
0.185519	0.927100	1.112619
0.185814	0.927212	1.113026
0.186109	0.927325	1.113433
0.186403	0.927437	1.113840
0.186698	0.927549	1.114247
0.186993	0.927661	1.114654
0.187287	0.927773	1.115061
0.187582	0.927885	1.115467
0.187877	0.927997	1.115874
0.188171	0.928109	1.116280
0.188466	0.928220	1.116686
0.188761	0.928332	1.117092
0.189055	0.928443	1.117499
0.189350	0.928555	1.117905
0.189644	0.928666	1.118310
0.189939	0.928777	1.118716
0.190234	0.928888	1.119122
0.190528	0.928999	1.119527
0.190823	0.929110	1.119933
0.191117	0.929221	1.120338
0.191411	0.929332	1.120744
0.191706	0.929443	1.121149
0.192000	0.929554	1.121554
0.192295	0.929664	1.121959
0.192589	0.929775	1.122364
0.192884	0.929885	1.122769
0.193178	0.929995	1.123173
0.193472	0.930106	1.123578
0.193767	0.930216	1.123982
0.194061	0.930326	1.124387
0.194355	0.930436	1.124791
0.194649	0.930546	1.125195
0.194944	0.930655	1.125599
0.195238	0.930765	1.126003
0.195532	0.930875	1.126407
0.195826	0.930984	1.126811
0.196121	0.931094	1.127214
0.196415	0.931203	1.127618
0.196709	0.931313	1.128021
0.197003	0.931422	1.128425
0.197297	0.931531	1.128828
0.197591	0.931640	1.129231
0.197885	0.931749	1.129634
0.198179	0.931858	1.130037
0.198473	0.931967	1.130440
0.198767	0.932075	1.130843
0.199061	0.932184	1.131245
0.199355	0.932293	1.131648
0.199649	0.932401	1.132050
0.199943	0.932509	1.132453
0.200237	0.932618	1.132855
0.200531	0.932726	1.133257
0.200825	0.932834	1.133659
0.201119	0.932942	1.134061
0.201413	0.933050	1.134463
0.201707	0.933158	1.134865
0.202000	0.933266	1.135266
0.202294	0.933373	1.135668
0.202588	0.933481	1.136069
0.202882	0.933589	1.136470
0.203176	0.933696	1.136872
0.203469	0.933803	1.137273
0.203763	0.933911	1.137674
0.204057	0.934018	1.138075
0.204350	0.934125	1.138475
0.204644	0.934232	1.138876
0.204938	0.934339	1.139277
0.205231	0.934446	1.139677
0.205525	0.934553	1.140078
0.205818	0.934659	1.140478
0.206112	0.934766	1.140878
0.206406	0.934873	1.141278
0.206699	0.934979	1.141678
0.206993	0.935085	1.142078
0.207286	0.935192	1.142478
0.207580	0.935298	1.142877
0.207873	0.935404	1.143277
0.208166	0.935510	1.143677
0.208460	0.935616	1.144076
0.208753	0.935722	1.144475
0.209047	0.935828	1.144874
0.209340	0.935933	1.145273
0.209633	0.936039	1.145672
0.209927	0.936144	1.146071
0.210220	0.936250	1.146470
0.210513	0.936355	1.146869
0.210807	0.936461	1.147267
0.211100	0.936566	1.147666
0.211393	0.936671	1.148064
0.211686	0.936776	1.148462
0.211979	0.936881	1.148860
0.212273	0.936986	1.149258
0.212566	0.937090	1.149656
0.212859	0.937195	1.150054
0.213152	0.937300	1.150452
0.213445	0.937404	1.150849
0.213738	0.937509	1.151247
0.214031	0.937613	1.151644
0.214324	0.937717	1.152042
0.214617	0.937821	1.152439
0.214910	0.937926	1.152836
0.215203	0.938030	1.153233
0.215496	0.938133	1.153630
0.215789	0.938237	1.154027
0.216082	0.938341	1.154423
0.216375	0.938445	1.154820
0.216668	0.938548	1.155216
0.216961	0.938652	1.155613
0.217254	0.938755	1.156009
0.217546	0.938859	1.156405
0.217839	0.938962	1.156801
0.218132	0.939065	1.157197
0.218425	0.939168	1.157593
0.218718	0.939271	1.157989
0.219010	0.939374	1.158384
0.219303	0.939477	1.158780
0.219596	0.939580	1.159175
0.219888	0.939682	1.159571
0.220181	0.939785	1.159966
0.220474	0.939887	1.160361
0.220766	0.939990	1.160756
0.221059	0.940092	1.161151
0.221351	0.940194	1.161546
0.221644	0.940296	1.161940
0.221936	0.940398	1.162335
0.222229	0.940500	1.162729
0.222521	0.940602	1.163124
0.222814	0.940704	1.163518
0.223106	0.940806	1.163912
0.223399	0.940907	1.164306
0.223691	0.941009	1.164700
0.223984	0.941110	1.165094
0.224276	0.941212	1.165488
0.224568	0.941313	1.165882
0.224861	0.941414	1.166275
0.225153	0.941516	1.166669
0.225445	0.941617	1.167062
0.225737	0.941718	1.167455
0.226030	0.941818	1.167848
0.226322	0.941919	1.168241
0.226614	0.942020	1.168634
0.226906	0.942121	1.169027
0.227199	0.942221	1.169420
0.227491	0.942322	1.169812
0.227783	0.942422	1.170205
0.228075	0.942522	1.170597
0.228367	0.942622	1.170989
0.228659	0.942723	1.171382
0.228951	0.942823	1.171774
0.229243	0.942923	1.172166
0.229535	0.943022	1.172557
0.229827	0.943122	1.172949
0.230119	0.943222	1.173341
0.230411	0.943321	1.173732
0.230703	0.943421	1.174124
0.230995	0.943520	1.174515
0.231287	0.943620	1.174906
0.231579	0.943719	1.175297
0.231870	0.943818	1.175689
0.232162	0.943917	1.176080
0.232454	0.944016	1.176470
0.232746	0.944115	1.176861
0.233038	0.944214	1.177252
0.233329	0.944313	1.177642
0.233621	0.944412	1.178032
0.233913	0.944510	1.178423
0.234204	0.944609	1.178813
0.234496	0.944707	1.179203
0.234788	0.944805	1.179593
0.235079	0.944904	1.179983
0.235371	0.945002	1.180372
0.235662	0.945100	1.180762
0.235954	0.945198	1.181152
0.236245	0.945296	1.181541
0.236537	0.945394	1.181930
0.236828	0.945491	1.182320
0.237120	0.945589	1.182709
0.237411	0.945687	1.183098
0.237703	0.945784	1.183487
0.237994	0.945881	1.183875
0.238285	0.945979	1.184264
0.238577	0.946076	1.184653
0.238868	0.946173	1.185041
0.239159	0.946270	1.185429
0.239451	0.946367	1.185818
0.239742	0.946464	1.186206
0.240033	0.946561	1.186594
0.240324	0.946657	1.186982
0.240616	0.946754	1.187370
0.240907	0.946851	1.187757
0.241198	0.946947	1.188145
0.241489	0.947044	1.188533
0.241780	0.947140	1.188920
0.242071	0.947236	1.189307
0.242362	0.947332	1.189694
0.242653	0.947428	1.190081
0.242944	0.947524	1.190469
0.243235	0.947620	1.190855
0.243526	0.947716	1.191242
0.243817	0.947811	1.191629
0.244108	0.947907	1.192015
0.244399	0.948003	1.192402
0.244690	0.948098	1.192788
0.244981	0.948193	1.193174
0.245272	0.948289	1.193560
0.245563	0.948384	1.193946
0.245853	0.948479	1.194332
0.246144	0.948574	1.194718
0.246435	0.948669	1.195104
0.246726	0.948764	1.195489
0.247016	0.948858	1.195875
0.247307	0.948953	1.196260
0.247598	0.949048	1.196645
0.247888	0.949142	1.197031
0.248179	0.949237	1.197416
0.248470	0.949331	1.197801
0.248760	0.949425	1.198185
0.249051	0.949519	1.198570
0.249341	0.949613	1.198955
0.249632	0.949707	1.199339
0.249922	0.949801	1.199724
0.250213	0.949895	1.200108
0.250503	0.949989	1.200492
0.250794	0.950082	1.200876
0.251084	0.950176	1.201260
0.251374	0.950269	1.201644
0.251665	0.950363	1.202028
0.251955	0.950456	1.202411
0.252245	0.950549	1.202795
0.252536	0.950642	1.203178
0.252826	0.950736	1.203562
0.253116	0.950828	1.203945
0.253406	0.950921	1.204328
0.253697	0.951014	1.204711
0.253987	0.951107	1.205094
0.254277	0.951199	1.205476
0.254567	0.951292	1.205859
0.254857	0.951384	1.206242
0.255147	0.951477	1.206624
0.255437	0.951569	1.207006
0.255727	0.951661	1.207389
0.256017	0.951753	1.207771
0.256307	0.951845	1.208153
0.256597	0.951937	1.208535
0.256887	0.952029	1.208916
0.257177	0.952121	1.209298
0.257467	0.952213	1.209680
0.257757	0.952304	1.210061
0.258047	0.952396	1.210443
0.258337	0.952487	1.210824
0.258626	0.952578	1.211205
0.258916	0.952670	1.211586
0.259206	0.952761	1.211967
0.259496	0.952852	1.212348
0.259785	0.952943	1.212728
0.260075	0.953034	1.213109
0.260365	0.953125	1.213489
0.260654	0.953215	1.213870
0.260944	0.953306	1.214250
0.261234	0.953397	1.214630
0.261523	0.953487	1.215010
0.261813	0.953577	1.215390
0.262102	0.953668	1.215770
0.262392	0.953758	1.216150
0.262681	0.953848	1.216529
0.262971	0.953938	1.216909
0.263260	0.954028	1.217288
0.263550	0.954118	1.217668
0.263839	0.954208	1.218047
0.264128	0.954297	1.218426
0.264418	0.954387	1.218805
0.264707	0.954477	1.219183
0.264996	0.954566	1.219562
0.265285	0.954655	1.219941
0.265575	0.954745	1.220319
0.265864	0.954834	1.220698
0.266153	0.954923	1.221076
0.266442	0.955012	1.221454
0.266731	0.955101	1.221832
0.267021	0.955190	1.222210
0.267310	0.955278	1.222588
0.267599	0.955367	1.222966
0.267888	0.955456	1.223343
0.268177	0.955544	1.223721
0.268466	0.955633	1.224098
0.268755	0.955721	1.224476
0.269044	0.955809	1.224853
0.269333	0.955897	1.225230
0.269622	0.955985	1.225607
0.269910	0.956073	1.225984
0.270199	0.956161	1.226361
0.270488	0.956249	1.226737
0.270777	0.956337	1.227114
0.271066	0.956424	1.227490
0.271354	0.956512	1.227866
0.271643	0.956599	1.228243
0.271932	0.956687	1.228619
0.272221	0.956774	1.228995
0.272509	0.956861	1.229371
0.272798	0.956948	1.229746
0.273086	0.957035	1.230122
0.273375	0.957122	1.230497
0.273664	0.957209	1.230873
0.273952	0.957296	1.231248
0.274241	0.957383	1.231623
0.274529	0.957469	1.231999
0.274818	0.957556	1.232373
0.275106	0.957642	1.232748
0.275394	0.957729	1.233123
0.275683	0.957815	1.233498
0.275971	0.957901	1.233872
0.276260	0.957987	1.234247
0.276548	0.958073	1.234621
0.276836	0.958159	1.234995
0.277124	0.958245	1.235369
0.277413	0.958331	1.235743
0.277701	0.958416	1.236117
0.277989	0.958502	1.236491
0.278277	0.958587	1.236865
0.278565	0.958673	1.237238
0.278853	0.958758	1.237612
0.279142	0.958843	1.237985
0.279430	0.958928	1.238358
0.279718	0.959014	1.238731
0.280006	0.959098	1.239104
0.280294	0.959183	1.239477
0.280582	0.959268	1.239850
0.280870	0.959353	1.240222
0.281157	0.959437	1.240595
0.281445	0.959522	1.240967
0.281733	0.959606	1.241340
0.282021	0.959691	1.241712
0.282309	0.959775	1.242084
0.282597	0.959859	1.242456
0.282884	0.959943	1.242828
0.283172	0.960027	1.243200
0.283460	0.960111	1.243571
0.283748	0.960195	1.243943
0.284035	0.960279	1.244314
0.284323	0.960363	1.244685
0.284610	0.960446	1.245057
0.284898	0.960530	1.245428
0.285186	0.960613	1.245799
0.285473	0.960696	1.246169
0.285761	0.960780	1.246540
0.286048	0.960863	1.246911
0.286335	0.960946	1.247281
0.286623	0.961029	1.247652
0.286910	0.961112	1.248022
0.287198	0.961195	1.248392
0.287485	0.961277	1.248762
0.287772	0.961360	1.249132
0.288060	0.961442	1.249502
0.288347	0.961525	1.249872
0.288634	0.961607	1.250241
0.288921	0.961690	1.250611
0.289209	0.961772	1.250980
0.289496	0.961854	1.251350
0.289783	0.961936	1.251719
0.290070	0.962018	1.252088
0.290357	0.962100	1.252457
0.290644	0.962181	1.252826
0.290931	0.962263	1.253194
0.291218	0.962345	1.253563
0.291505	0.962426	1.253931
0.291792	0.962508	1.254300
0.292079	0.962589	1.254668
0.292366	0.962670	1.255036
0.292653	0.962751	1.255404
0.292940	0.962832	1.255772
0.293227	0.962913	1.256140
0.293513	0.962994	1.256508
0.293800	0.963075	1.256875
0.294087	0.963156	1.257243
0.294374	0.963237	1.257610
0.294660	0.963317	1.257977
0.294947	0.963398	1.258344
0.295234	0.963478	1.258712
